Address,X,Y,Price,Type,Room count,Construction year,Risk of burglary,Distance to pharmacy,Distance to daycare,Distance to grocery store,Size,Squaremeter price,Energy class,Url
Vestkærs Alle 50,55.648631,12.487683,6998000,Villa,4,1952,mellem,"1,03",345,651,138,50710,C,https://www.dingeo.dk/adresse/2650-hvidovre/vestk%C3%A6rs%20alle-50/
"Storegade 21, st. ",55.641811,12.445039,4595000,Villalejlighed,4,1923,høj,"2,18",491,978,152,30230,C,https://www.dingeo.dk/adresse/2650-hvidovre/storegade-21/st-/
Vedbyholm 31,55.645823,12.446439,4195000,Rækkehus,4,1976,lav,"1,96",248,816,144,29131,D,https://www.dingeo.dk/adresse/2650-hvidovre/vedbyholm-31/
Kløverprisvej 91,55.660243,12.461428,6495000,Villa,6,1974,lav,"1,06",398,382,183,35491,D,https://www.dingeo.dk/adresse/2650-hvidovre/kl%C3%B8verprisvej-91/
Fredtoftevej 5,55.641804,12.498793,5495000,Villa,5,1928,høj,"1,30",298,226,93,59086,D,https://www.dingeo.dk/adresse/2650-hvidovre/fredtoftevej-5/
Porsdam 12,55.654745,12.462427,1395000,Fritidshus,2,1942,lav,755,611,770,24,58125,N/A,https://www.dingeo.dk/adresse/2650-hvidovre/porsdam-12/
"Dansborg Alle 2A, 2. tv",55.633428,12.490253,1635000,Ejerlejlighed,2,1945,mellem,829,302,443,47,34787,C,https://www.dingeo.dk/adresse/2650-hvidovre/dansborg%20alle-2a/2-tv/
"Dansborg Alle 3, 2. 1",55.632852,12.489766,2995000,Ejerlejlighed,3,,mellem,758,324,513,73,41027,C,https://www.dingeo.dk/adresse/2650-hvidovre/dansborg%20alle-3/2-1/
Frydenstrands Alle 39,55.62037,12.473344,5995000,Villa,5,1975,mellem,"1,01",624,984,184,32581,C,https://www.dingeo.dk/adresse/2650-hvidovre/frydenstrands%20alle-39/
Hædersdalvej 14,55.66366,12.469578,6995000,Villa,4,1938,mellem,481,375,255,152,46019,B,https://www.dingeo.dk/adresse/2650-hvidovre/h%C3%A6dersdalvej-14/
Skelkær 1,55.656295,12.457359,2695000,Fritidshus,2,,lav,"1,11",828,783,57,47280,N/A,https://www.dingeo.dk/adresse/2650-hvidovre/skelk%C3%A6r-1/
Kastanienborgvej 31,55.640835,12.455499,5195000,Villa,4,1960,høj,"1,51",585,524,104,49951,C,https://www.dingeo.dk/adresse/2650-hvidovre/kastanienborgvej-31/
Aktæons Alle 24,55.629886,12.477111,4985000,Villa,4,1938,høj,601,462,340,126,39563,B,https://www.dingeo.dk/adresse/2650-hvidovre/akt%C3%A6ons%20alle-24/
Menelaos Boulevard 69,55.634605,12.468246,3995000,Villa,4,1967,høj,843,348,736,116,34439,D,https://www.dingeo.dk/adresse/2650-hvidovre/menelaos%20boulevard-69/
Torndalsvej 13,55.619635,12.462985,4295000,Villa,4,1960,mellem,"1,59",500,1.017,104,41298,C,https://www.dingeo.dk/adresse/2650-hvidovre/torndalsvej-13/
Fredtoftevej 4,55.642187,12.498979,4495000,Villa,3,1933,høj,"1,32",257,190,89,50505,D,https://www.dingeo.dk/adresse/2650-hvidovre/fredtoftevej-4/
Konkylievej 28,55.622033,12.491834,5165000,Villa,4,1959,høj,686,470,693,127,40669,C,https://www.dingeo.dk/adresse/2650-hvidovre/konkylievej-28/
Markleddet 28,55.659904,12.464526,5995000,Villa,5,1951,lav,891,526,530,160,37468,D,https://www.dingeo.dk/adresse/2650-hvidovre/markleddet-28/
"Gadestævnet 19, 1. ",55.659387,12.462763,3645000,Villalejlighed,3,1949,lav,967,518,506,82,44451,E,https://www.dingeo.dk/adresse/2650-hvidovre/gadest%C3%A6vnet-19/1-/
"Næsborgvej 32, 1. tv",55.654681,12.479845,2195000,Ejerlejlighed,3,,lav,385,100,381,73,30068,C,https://www.dingeo.dk/adresse/2650-hvidovre/n%C3%A6sborgvej-32/1-tv/
Strøbyvej 11B,55.640339,12.481049,7495000,Rækkehus,5,,høj,194,382,118,150,49966,N/A,https://www.dingeo.dk/adresse/2650-hvidovre/str%C3%B8byvej-11b/
Baunebakkevej 43,55.653925,12.477028,2595000,Ejerlejlighed,3,,lav,190,121,183,75,34600,D,https://www.dingeo.dk/adresse/2650-hvidovre/baunebakkevej-43/
"Hvidovrevej 344, 1. 2",55.636826,12.479368,3495000,Ejerlejlighed,3,1985,mellem,252,89,7,75,46600,C,https://www.dingeo.dk/adresse/2650-hvidovre/hvidovrevej-344/1-2/
Vesterskel 31,55.65414,12.457355,2595000,Fritidshus,2,,lav,"1,07",938,1.000,56,46339,N/A,https://www.dingeo.dk/adresse/2650-hvidovre/vesterskel-31/
Søstjernevej 43B,55.61768,12.486368,4100000,Villa,3,1964,høj,"1,00",613,1.012,89,46067,C,https://www.dingeo.dk/adresse/2650-hvidovre/s%C3%B8stjernevej-43b/
Vestre Strandvej 24,55.620552,12.449989,4995000,Villa,4,1957,mellem,"1,75",535,751,120,41625,B,https://www.dingeo.dk/adresse/2650-hvidovre/vestre%20strandvej-24/
Frydenstrands Alle 32,55.62107,12.472327,5495000,Villa,5,1936,mellem,"1,00",608,955,166,33102,A2010,https://www.dingeo.dk/adresse/2650-hvidovre/frydenstrands%20alle-32/
"Næsborgvej 86, 2. tv",55.654114,12.478614,2495000,Ejerlejlighed,3,1966,lav,293,73,286,58,43017,C,https://www.dingeo.dk/adresse/2650-hvidovre/n%C3%A6sborgvej-86/2-tv/
Ulstrupvej 19,55.653054,12.470704,6500000,Villa,5,1935,mellem,225,237,232,145,44827,G,https://www.dingeo.dk/adresse/2650-hvidovre/ulstrupvej-19/
Tistrupvej 23,55.632984,12.463238,4495000,Villa,4,1964,lav,"1,21",239,908,103,43640,D,https://www.dingeo.dk/adresse/2650-hvidovre/tistrupvej-23/
"Rebæk Søpark 7, 4. tv",55.662519,12.456635,2875000,Ejerlejlighed,4,,lav,"1,31",220,157,101,28465,C,https://www.dingeo.dk/adresse/2650-hvidovre/reb%C3%A6k%20s%C3%B8park-7/4-tv/
Strandvangen 4,55.618723,12.455941,10795000,Villa,7,2022,mellem,"2,03",501,932,264,40890,F,https://www.dingeo.dk/adresse/2650-hvidovre/strandvangen-4/
"Ulstrupvej 2A, 1. ",55.653778,12.469846,2995000,Villalejlighed,3,1939,lav,272,197,286,87,34425,D,https://www.dingeo.dk/adresse/2650-hvidovre/ulstrupvej-2a/1-/
Langhøjvej 5A,55.623167,12.488227,6495000,Villa,5,2000,høj,449,276,456,130,49961,B,https://www.dingeo.dk/adresse/2650-hvidovre/langh%C3%B8jvej-5a/
Toftemosevej 6,55.634385,12.465637,6495000,Villa,6,1965,høj,994,195,899,201,32313,D,https://www.dingeo.dk/adresse/2650-hvidovre/toftemosevej-6/
"Rebæk Søpark 3, 2. 211",55.66349,12.457255,1525000,Ejerlejlighed,2,,lav,"1,27",142,94,61,25000,C,https://www.dingeo.dk/adresse/2650-hvidovre/reb%C3%A6k%20s%C3%B8park-3/2-211/
"Rebæk Søpark 3, 15. 1522",55.66349,12.457255,2195000,Ejerlejlighed,2,1972,lav,"1,27",142,94,61,35983,C,https://www.dingeo.dk/adresse/2650-hvidovre/reb%C3%A6k%20s%C3%B8park-3/15-1522/
Hvidovregade 40A,55.653606,12.477822,5995000,Villa,4,,lav,237,130,226,153,39183,N/A,https://www.dingeo.dk/adresse/2650-hvidovre/hvidovregade-40a/
Lodsvej 76B,55.628144,12.499482,6995000,Rækkehus,4,,høj,955,131,953,121,57809,N/A,https://www.dingeo.dk/adresse/2650-hvidovre/lodsvej-76b/
"Rebæk Søpark 9, 6. tv",55.66234,12.456627,2995000,Ejerlejlighed,4,,lav,"1,31",232,169,101,29653,C,https://www.dingeo.dk/adresse/2650-hvidovre/reb%C3%A6k%20s%C3%B8park-9/6-tv/
Hvidovrevej 213,55.645681,12.478612,4495000,Villa,4,1923,mellem,733,229,108,122,36844,C,https://www.dingeo.dk/adresse/2650-hvidovre/hvidovrevej-213/
Allingvej 60,55.650752,12.464594,4295000,Rækkehus,5,1980,lav,683,512,685,151,28443,D,https://www.dingeo.dk/adresse/2650-hvidovre/allingvej-60/
Bjergagervej 35,55.637026,12.489811,9475000,Villa,7,2020,høj,730,302,275,192,49348,E,https://www.dingeo.dk/adresse/2650-hvidovre/bjergagervej-35/
Vedbyholm 81,55.645817,12.448152,3795000,Rækkehus,4,1976,lav,"1,87",149,707,144,26354,D,https://www.dingeo.dk/adresse/2650-hvidovre/vedbyholm-81/
Hvidovregårds Alle 18,55.638073,12.493278,7695000,Villa,6,1928,høj,921,252,156,137,56167,C,https://www.dingeo.dk/adresse/2650-hvidovre/hvidovreg%C3%A5rds%20alle-18/
Greve Alle 19B,55.643867,12.482412,5995000,Villa,6,1959,høj,575,282,303,128,46835,D,https://www.dingeo.dk/adresse/2650-hvidovre/greve%20alle-19b/
"Rebæk Søpark 23, 4. mf",55.661643,12.455524,1800000,Ejerlejlighed,2,1966,lav,"1,30",336,273,70,25714,C,https://www.dingeo.dk/adresse/2650-hvidovre/reb%C3%A6k%20s%C3%B8park-23/4-mf/
Klydevej 9,55.618288,12.458471,6495000,Villa,6,1978,mellem,"1,91",534,1.018,202,32153,B,https://www.dingeo.dk/adresse/2650-hvidovre/klydevej-9/
Sjølundvej 3,55.631422,12.468235,4195000,Villa,4,1964,høj,"1,09",535,915,105,39952,D,https://www.dingeo.dk/adresse/2650-hvidovre/sj%C3%B8lundvej-3/
M Bechs Alle 71,55.653375,12.463217,6685000,Villa,4,1952,lav,694,590,705,124,53911,D,https://www.dingeo.dk/adresse/2650-hvidovre/m%20bechs%20alle-71/
"Landlystvej 53, st. tv",55.65976,12.472853,2049000,Ejerlejlighed,2,,lav,486,347,170,57,35947,C,https://www.dingeo.dk/adresse/2650-hvidovre/landlystvej-53/st-tv/
Krebsevej 81,55.618259,12.477211,4995000,Villa,4,1997,mellem,"1,05",587,1.057,147,33979,D,https://www.dingeo.dk/adresse/2650-hvidovre/krebsevej-81/
Bredholtvej 16,55.636901,12.459552,4995000,Villa,5,1977,høj,"1,26",288,853,158,31613,C,https://www.dingeo.dk/adresse/2650-hvidovre/bredholtvej-16/
Hædersdalvej 42,55.663669,12.46569,5695000,Villa,6,1961,lav,729,396,448,191,29816,C,https://www.dingeo.dk/adresse/2650-hvidovre/h%C3%A6dersdalvej-42/
Hf. Kettehøj 110,55.647737,12.458065,1495000,Fritidshus,3,,lav,"1,21",380,291,57,26228,N/A,https://www.dingeo.dk/adresse/2650-hvidovre/hf.%20ketteh%C3%B8j-110/
"Gammel Køge Landevej 541, st. ",55.620844,12.461268,3250000,Villalejlighed,5,1960,mellem,"1,63",327,844,126,25793,D,https://www.dingeo.dk/adresse/2650-hvidovre/gammel%20k%C3%B8ge%20landevej-541/st-/
Allingvej 24,55.651818,12.471307,6795000,Villa,6,2017,mellem,266,362,260,224,30334,D,https://www.dingeo.dk/adresse/2650-hvidovre/allingvej-24/
N Bonavents Alle 1A,55.659151,12.47403,3500000,Villa,2,1942,lav,510,388,226,83,42168,D,https://www.dingeo.dk/adresse/2650-hvidovre/n%20bonavents%20alle-1a/
Mørups Alle 26,55.645274,12.487467,4495000,Villa,4,,mellem,876,184,610,85,52882,N/A,https://www.dingeo.dk/adresse/2650-hvidovre/m%C3%B8rups%20alle-26/
Hvidovre Strandvej 75,55.621521,12.492993,10995000,Villa,7,1975,høj,778,558,784,215,51139,C,https://www.dingeo.dk/adresse/2650-hvidovre/hvidovre%20strandvej-75/
"Næsborgvej 40, st. th",55.655107,12.479502,2295000,Ejerlejlighed,3,,lav,383,87,382,73,31438,C,https://www.dingeo.dk/adresse/2650-hvidovre/n%C3%A6sborgvej-40/st-th/
"Landlystvej 57A, 1. tv",55.659819,12.472345,2195000,Ejerlejlighed,2,,lav,499,356,179,54,40648,C,https://www.dingeo.dk/adresse/2650-hvidovre/landlystvej-57a/1-tv/
Kærgårdsvej 49,55.624756,12.453927,4249000,Villa,4,,mellem,"1,97",260,251,141,30134,N/A,https://www.dingeo.dk/adresse/2650-hvidovre/k%C3%A6rg%C3%A5rdsvej-49/
"Næsborgvej 66, 1. tv",55.65368,12.479913,2195000,Ejerlejlighed,3,,lav,370,157,359,73,30068,C,https://www.dingeo.dk/adresse/2650-hvidovre/n%C3%A6sborgvej-66/1-tv/
Østre Strandvej 5,55.622949,12.465144,3450000,Rækkehus,4,1965,mellem,"1,31",275,867,120,28750,C,https://www.dingeo.dk/adresse/2650-hvidovre/%C3%B8stre%20strandvej-5/
"Rebæk Søpark 13, 2. th",55.661968,12.456609,2495000,Ejerlejlighed,3,,lav,"1,32",261,199,83,30060,C,https://www.dingeo.dk/adresse/2650-hvidovre/reb%C3%A6k%20s%C3%B8park-13/2-th/
Femagervej 46,55.660644,12.464763,4995000,Villa,5,1941,lav,844,475,487,131,38129,C,https://www.dingeo.dk/adresse/2650-hvidovre/femagervej-46/
Toftemosevej 5,55.634135,12.4657,6295000,Villa,5,1970,høj,"1,01",212,905,142,44330,D,https://www.dingeo.dk/adresse/2650-hvidovre/toftemosevej-5/
Nordlundsvej 60,55.639968,12.459363,5985000,Villa,6,1968,høj,"1,25",581,516,175,34200,C,https://www.dingeo.dk/adresse/2650-hvidovre/nordlundsvej-60/
Ærtebjergvej 113,55.635165,12.466125,3995000,Villa,4,1964,høj,924,208,842,117,34145,F,https://www.dingeo.dk/adresse/2650-hvidovre/%C3%A6rtebjergvej-113/
"Gammel Køge Landevej 233B, 2. ",55.639809,12.498801,2195000,Ejerlejlighed,3,,høj,"1,27",223,410,67,32761,D,https://www.dingeo.dk/adresse/2650-hvidovre/gammel%20k%C3%B8ge%20landevej-233b/2-/
Avedøregårdsvej 1,55.644712,12.45544,5495000,Villa,8,1966,høj,"1,55",340,246,241,22800,D,https://www.dingeo.dk/adresse/2650-hvidovre/aved%C3%B8reg%C3%A5rdsvej-1/
Hvidovre Strandvej 82,55.61923,12.488974,4995000,Villa,3,1960,høj,870,573,878,97,51494,C,https://www.dingeo.dk/adresse/2650-hvidovre/hvidovre%20strandvej-82/
Avedøregårdsvej 76,55.638659,12.458564,3995000,Villa,3,1947,høj,"1,30",478,668,86,46453,D,https://www.dingeo.dk/adresse/2650-hvidovre/aved%C3%B8reg%C3%A5rdsvej-76/
Søstjernevej 50,55.61838,12.484979,7795000,Villa,4,1935,høj,920,507,929,157,49649,C,https://www.dingeo.dk/adresse/2650-hvidovre/s%C3%B8stjernevej-50/
Kærmark 8,55.653625,12.469013,4495000,Villa,5,1959,mellem,324,248,337,138,32572,C,https://www.dingeo.dk/adresse/2650-hvidovre/k%C3%A6rmark-8/
Krebsevej 47,55.618452,12.481787,7495000,Villa,6,1963,høj,931,470,940,178,42106,B,https://www.dingeo.dk/adresse/2650-hvidovre/krebsevej-47/
Ajax Alle 9,55.627918,12.479294,3575000,Villa,3,1936,mellem,371,206,127,60,59583,B,https://www.dingeo.dk/adresse/2650-hvidovre/ajax%20alle-9/
Kløverprisvej 87,55.660476,12.461968,5495000,Villa,4,1983,lav,"1,02",387,377,143,38426,C,https://www.dingeo.dk/adresse/2650-hvidovre/kl%C3%B8verprisvej-87/
Engdalsvej 6,55.618796,12.458901,4295000,Villa,5,1962,mellem,"1,86",480,974,133,32293,D,https://www.dingeo.dk/adresse/2650-hvidovre/engdalsvej-6/
Grustoften 28,55.656058,12.460409,1895000,Fritidshus,3,2019,lav,914,747,812,57,33245,N/A,https://www.dingeo.dk/adresse/2650-hvidovre/grustoften-28/
Poppel Alle 9,55.648691,12.481442,5295000,Villa,3,1937,mellem,717,371,353,80,66187,C,https://www.dingeo.dk/adresse/2650-hvidovre/poppel%20alle-9/
Lodsvej 13,55.628979,12.48918,5695000,Villa,5,1952,mellem,383,274,376,139,40971,D,https://www.dingeo.dk/adresse/2650-hvidovre/lodsvej-13/
Fagerstedvej 26,55.632701,12.470025,3795000,Villa,4,,høj,907,530,747,93,40806,N/A,https://www.dingeo.dk/adresse/2650-hvidovre/fagerstedvej-26/
"Rebæk Søpark 21, st. mf",55.661827,12.455532,2095000,Ejerlejlighed,2,1966,lav,"1,29",322,259,70,29928,C,https://www.dingeo.dk/adresse/2650-hvidovre/reb%C3%A6k%20s%C3%B8park-21/st-mf/
Agermosen 31,55.653883,12.45947,5645000,Villa,5,1970,lav,933,809,945,153,36895,D,https://www.dingeo.dk/adresse/2650-hvidovre/agermosen-31/
Lodsvej 38,55.628536,12.492818,4495000,Villa,4,1936,mellem,557,298,552,164,27408,E,https://www.dingeo.dk/adresse/2650-hvidovre/lodsvej-38/
Strandvangsvej 33,55.62405,12.492434,7995000,Villa,4,1967,høj,572,333,576,153,52254,C,https://www.dingeo.dk/adresse/2650-hvidovre/strandvangsvej-33/
"Næsborgvej 46, 2. th",55.654065,12.479594,2195000,Ejerlejlighed,3,1966,lav,354,112,346,58,37844,C,https://www.dingeo.dk/adresse/2650-hvidovre/n%C3%A6sborgvej-46/2-th/
Dyrbæk 13,55.655083,12.460354,1295000,Fritidshus,4,1940,lav,891,742,907,70,18500,N/A,https://www.dingeo.dk/adresse/2650-hvidovre/dyrb%C3%A6k-13/
Glimvej 5B,55.640991,12.47975,5195000,Villa,6,1931,mellem,218,339,70,135,38481,C,https://www.dingeo.dk/adresse/2650-hvidovre/glimvej-5b/
Nordre Kystagervej 30,55.63571,12.501248,13995000,Villa,6,,høj,"1,46",609,470,259,54034,N/A,https://www.dingeo.dk/adresse/2650-hvidovre/nordre%20kystagervej-30/
Enghøjen 16,55.622884,12.45188,5400000,Villa,5,1972,mellem,"1,87",328,469,156,34615,D,https://www.dingeo.dk/adresse/2650-hvidovre/engh%C3%B8jen-16/
Perlevej 8,55.620684,12.486917,8295000,Villa,5,2021,høj,679,369,688,197,42106,D,https://www.dingeo.dk/adresse/2650-hvidovre/perlevej-8/
Mørups Alle 5,55.645312,12.48409,8599000,Villa,5,2010,mellem,766,89,397,180,47772,A2020,https://www.dingeo.dk/adresse/2650-hvidovre/m%C3%B8rups%20alle-5/
"Landlystvej 65B, 1. th",55.659797,12.470921,2395000,Ejerlejlighed,3,,lav,561,411,241,65,36846,D,https://www.dingeo.dk/adresse/2650-hvidovre/landlystvej-65b/1-th/
"Rebæk Søpark 3, 3. 320",55.66349,12.457255,1575000,Ejerlejlighed,2,,lav,"1,27",142,94,61,25819,C,https://www.dingeo.dk/adresse/2650-hvidovre/reb%C3%A6k%20s%C3%B8park-3/3-320/
Nordre Kystagervej 34,55.635343,12.50103,7995000,Villa,4,1972,høj,"1,42",634,468,144,55520,D,https://www.dingeo.dk/adresse/2650-hvidovre/nordre%20kystagervej-34/
Strandholms Alle 43A,55.61828,12.483667,3645000,Villa,2,1957,høj,934,496,943,71,51338,G,https://www.dingeo.dk/adresse/2650-hvidovre/strandholms%20alle-43a/
Sjølundvej 43,55.629669,12.462143,4495000,Villa,4,1964,lav,"1,48",548,624,108,41620,D,https://www.dingeo.dk/adresse/2650-hvidovre/sj%C3%B8lundvej-43/
Stavnsbjergvej 10,55.644484,12.442992,3495000,Helårsgrund,1,,høj,"2,23",461,1.036,933,3745,N/A,https://www.dingeo.dk/adresse/2650-hvidovre/stavnsbjergvej-10/
Stillidsvej 7,55.632114,12.486017,3995000,Villa,4,1933,mellem,610,290,550,92,43423,F,https://www.dingeo.dk/adresse/2650-hvidovre/stillidsvej-7/
Engholm Alle 15,55.621945,12.470455,6245000,Villa,5,2016,mellem,"1,05",460,961,145,43068,A2010,https://www.dingeo.dk/adresse/2650-hvidovre/engholm%20alle-15/
Hvidovre Strandvej 189,55.617053,12.479643,2895000,Rækkehus,4,,mellem,"1,12",647,1.124,68,42573,C,https://www.dingeo.dk/adresse/2650-hvidovre/hvidovre%20strandvej-189/
Engvadvej 8,55.620536,12.453819,2595000,Rækkehus,3,1959,mellem,"1,99",360,719,85,30529,E,https://www.dingeo.dk/adresse/2650-hvidovre/engvadvej-8/
Sydkærsvej 99,55.651098,12.486338,5995000,Villa,4,1928,mellem,827,502,414,180,33305,A2020,https://www.dingeo.dk/adresse/2650-hvidovre/sydk%C3%A6rsvej-99/
Hvidovrevej 207,55.646148,12.478613,6495000,Villa,5,1937,mellem,784,257,157,108,60138,D,https://www.dingeo.dk/adresse/2650-hvidovre/hvidovrevej-207/
Agermosen 4,55.654273,12.463304,2745000,Fritidshus,2,2018,lav,692,561,706,57,48157,N/A,https://www.dingeo.dk/adresse/2650-hvidovre/agermosen-4/
Avedøregårdsvej 49,55.640603,12.457991,5300000,Villa,4,1952,høj,"1,34",682,469,110,48181,D,https://www.dingeo.dk/adresse/2650-hvidovre/aved%C3%B8reg%C3%A5rdsvej-49/
Korshøjvej 6,55.627842,12.463876,4795000,Villa,4,1966,høj,"1,33",317,666,155,30935,D,https://www.dingeo.dk/adresse/2650-hvidovre/korsh%C3%B8jvej-6/
Langåvej 1,55.629503,12.469899,5475000,Villa,8,1973,høj,994,497,745,228,24013,C,https://www.dingeo.dk/adresse/2650-hvidovre/lang%C3%A5vej-1/
Toftemosevej 17,55.633682,12.46335,4995000,Villa,5,1970,lav,"1,16",164,970,164,30457,C,https://www.dingeo.dk/adresse/2650-hvidovre/toftemosevej-17/
Engholm Alle 17,55.621784,12.470631,7145000,Villa,10,2020,mellem,"1,05",481,966,233,30665,G,https://www.dingeo.dk/adresse/2650-hvidovre/engholm%20alle-17/
Hvidovre Alle 2A,55.659905,12.475744,4995000,Villa,4,,lav,396,300,187,121,41280,N/A,https://www.dingeo.dk/adresse/2650-hvidovre/hvidovre%20alle-2a/
Brostykkevej 95,55.638583,12.48516,6245000,Villa,4,1938,høj,401,398,421,131,47671,D,https://www.dingeo.dk/adresse/2650-hvidovre/brostykkevej-95/
"Rebæk Søpark 23, 1. mf",55.661643,12.455524,2095000,Ejerlejlighed,2,,lav,"1,30",336,273,70,29928,C,https://www.dingeo.dk/adresse/2650-hvidovre/reb%C3%A6k%20s%C3%B8park-23/1-mf/
Hvidovrevej 309,55.63394,12.480758,5395000,Villa,5,1939,mellem,583,259,326,134,40261,D,https://www.dingeo.dk/adresse/2650-hvidovre/hvidovrevej-309/
Ladefyldvej 6,55.662855,12.465678,4295000,Rækkehus,3,1948,lav,731,405,448,74,58040,D,https://www.dingeo.dk/adresse/2650-hvidovre/ladefyldvej-6/
"Næsborgvej 70, 2. th",55.65359,12.479563,2195000,Ejerlejlighed,2,1966,lav,348,152,336,58,37844,C,https://www.dingeo.dk/adresse/2650-hvidovre/n%C3%A6sborgvej-70/2-th/
Kirkebroen 77,55.657516,12.456138,3995000,Villa,8,1960,lav,"1,22",713,663,84,47559,G,https://www.dingeo.dk/adresse/2650-hvidovre/kirkebroen-77/
"Brostykkevej 121, 1. 11",55.637795,12.48097,2345000,Ejerlejlighed,2,,høj,194,174,149,76,30855,C,https://www.dingeo.dk/adresse/2650-hvidovre/brostykkevej-121/1-11/
Langåvej 54,55.633388,12.46765,5245000,Villa,5,1962,høj,957,361,831,121,43347,F,https://www.dingeo.dk/adresse/2650-hvidovre/lang%C3%A5vej-54/
Brobyvej 8,55.630955,12.46827,4095000,Villa,4,1973,høj,"1,13",578,893,159,25754,C,https://www.dingeo.dk/adresse/2650-hvidovre/brobyvej-8/
Rebæk Alle 23,55.660306,12.462802,6475000,Villa,7,1949,lav,974,428,424,185,35000,D,https://www.dingeo.dk/adresse/2650-hvidovre/reb%C3%A6k%20alle-23/
Perlevej 60,55.619469,12.47761,6645000,Villa,7,1952,mellem,918,464,927,206,32257,B,https://www.dingeo.dk/adresse/2650-hvidovre/perlevej-60/
Bredholtvej 25,55.636593,12.461504,4995000,Villa,4,1966,høj,"1,14",184,887,100,49950,F,https://www.dingeo.dk/adresse/2650-hvidovre/bredholtvej-25/
Skelkær 6,55.655953,12.45705,2495000,Fritidshus,2,2017,lav,"1,12",868,823,57,43771,N/A,https://www.dingeo.dk/adresse/2650-hvidovre/skelk%C3%A6r-6/
N Bonavents Alle 6,55.658915,12.474725,8795000,Villa,8,2013,lav,519,352,258,215,40906,B,https://www.dingeo.dk/adresse/2650-hvidovre/n%20bonavents%20alle-6/
Drivkær 31,55.650859,12.460806,4995000,Rækkehus,4,1980,lav,901,536,629,151,33079,D,https://www.dingeo.dk/adresse/2650-hvidovre/drivk%C3%A6r-31/
"Hvidovrevej 180, 2. 215",55.652885,12.47459,1225000,Ejerlejlighed,1,1974,mellem,85,292,61,47,26063,C,https://www.dingeo.dk/adresse/2650-hvidovre/hvidovrevej-180/2-215/
Brostykkevej 101,55.638432,12.484324,5195000,Villa,4,1966,høj,351,348,366,126,41230,C,https://www.dingeo.dk/adresse/2650-hvidovre/brostykkevej-101/
Allingvej 42,55.651358,12.468169,3695000,Villa,2,1937,mellem,452,423,452,77,47987,F,https://www.dingeo.dk/adresse/2650-hvidovre/allingvej-42/
Skelkær 3,55.656072,12.457312,1295000,Fritidshus,1,2020,lav,"1,10",853,808,17,76176,N/A,https://www.dingeo.dk/adresse/2650-hvidovre/skelk%C3%A6r-3/
Avedøregårdsvej 22,55.642991,12.455942,7995000,Villa,6,2019,høj,"1,53",439,321,174,45948,A2020,https://www.dingeo.dk/adresse/2650-hvidovre/aved%C3%B8reg%C3%A5rdsvej-22/
"Næsborgvej 18, 2. tv",55.654012,12.480389,2195000,Ejerlejlighed,2,1966,lav,403,157,394,58,37844,C,https://www.dingeo.dk/adresse/2650-hvidovre/n%C3%A6sborgvej-18/2-tv/
"Landlystvej 57A, 2. tv",55.659819,12.472345,1895000,Ejerlejlighed,2,,lav,499,356,179,52,36442,C,https://www.dingeo.dk/adresse/2650-hvidovre/landlystvej-57a/2-tv/
Fortvænget 1,55.619748,12.452015,5495000,Villa,6,1959,mellem,"1,88",499,811,196,28035,C,https://www.dingeo.dk/adresse/2650-hvidovre/fortv%C3%A6nget-1/
Ajax Alle 50,55.626855,12.473579,4195000,Villa,3,1959,høj,709,472,506,85,49352,C,https://www.dingeo.dk/adresse/2650-hvidovre/ajax%20alle-50/
Hvidovrevej 98A,55.662904,12.472718,4395000,Rækkehus,3,1945,mellem,285,160,130,78,56346,D,https://www.dingeo.dk/adresse/2650-hvidovre/hvidovrevej-98a/
Odysseus Alle 32,55.633381,12.47548,6245000,Villa,5,1951,høj,670,447,450,129,48410,C,https://www.dingeo.dk/adresse/2650-hvidovre/odysseus%20alle-32/
Brøndager 11,55.656839,12.464609,4195000,Villa,5,1965,lav,704,511,725,103,40728,D,https://www.dingeo.dk/adresse/2650-hvidovre/br%C3%B8ndager-11/
Hf. Kettehøj 39,55.646083,12.455994,2145000,Fritidshus,2,,lav,"1,42",388,227,57,37631,N/A,https://www.dingeo.dk/adresse/2650-hvidovre/hf.%20ketteh%C3%B8j-39/
"Rebæk Søpark 3, 8. 813",55.66349,12.457255,1650000,Ejerlejlighed,2,,lav,"1,27",142,94,61,27049,C,https://www.dingeo.dk/adresse/2650-hvidovre/reb%C3%A6k%20s%C3%B8park-3/8-813/
Strandholms Alle 49A,55.617415,12.484295,3695000,Villa,4,1966,høj,"1,03",598,1.037,78,47371,E,https://www.dingeo.dk/adresse/2650-hvidovre/strandholms%20alle-49a/
Hvidovre Boulevard 10,55.626457,12.472709,4995000,Villa,6,1962,mellem,765,406,572,137,36459,D,https://www.dingeo.dk/adresse/2650-hvidovre/hvidovre%20boulevard-10/
Multebærvænget 8,55.622787,12.461785,3495000,Rækkehus,5,1958,mellem,"1,52",211,705,110,31772,D,https://www.dingeo.dk/adresse/2650-hvidovre/multeb%C3%A6rv%C3%A6nget-8/
"Næsborgvej 18, 1. tv",55.654012,12.480389,2295000,Ejerlejlighed,3,,lav,403,157,394,73,31438,C,https://www.dingeo.dk/adresse/2650-hvidovre/n%C3%A6sborgvej-18/1-tv/
Paris Boulevard 25,55.62995,12.476175,7299000,Villa,6,1934,høj,654,507,393,175,41708,D,https://www.dingeo.dk/adresse/2650-hvidovre/paris%20boulevard-25/
Nordlundsvej 29,55.642429,12.458564,4995000,Villa,4,1953,høj,"1,35",518,269,107,46682,E,https://www.dingeo.dk/adresse/2650-hvidovre/nordlundsvej-29/
"Odysseus Alle 24, 1. ",55.633494,12.476616,2699000,Villalejlighed,3,1954,høj,638,390,403,72,37486,E,https://www.dingeo.dk/adresse/2650-hvidovre/odysseus%20alle-24/1-/
Rosmosevej 60,55.639749,12.456259,5495000,Villa,4,1974,høj,"1,45",663,601,136,40404,C,https://www.dingeo.dk/adresse/2650-hvidovre/rosmosevej-60/
Perlevej 28A,55.619743,12.483161,3745000,Rækkehus,4,1962,høj,775,331,784,79,47405,B,https://www.dingeo.dk/adresse/2650-hvidovre/perlevej-28a/
Vestre Strandvej 8,55.619253,12.451406,5495000,Villa,6,,mellem,"1,85",566,871,168,32708,N/A,https://www.dingeo.dk/adresse/2650-hvidovre/vestre%20strandvej-8/
Kløverprisvej 93,55.660169,12.461263,4695000,Villa,4,1951,lav,"1,07",403,385,93,50483,F,https://www.dingeo.dk/adresse/2650-hvidovre/kl%C3%B8verprisvej-93/
"Gammel Køge Landevej 233A, st. 2",55.639841,12.498848,1898000,Ejerlejlighed,2,,høj,"1,27",226,405,60,31633,D,https://www.dingeo.dk/adresse/2650-hvidovre/gammel%20k%C3%B8ge%20landevej-233a/st-2/
"Rebæk Søpark 3, 11. 1104",55.66349,12.457255,1645000,Ejerlejlighed,2,,lav,"1,27",142,94,61,26967,C,https://www.dingeo.dk/adresse/2650-hvidovre/reb%C3%A6k%20s%C3%B8park-3/11-1104/
Tranevej 20A,55.620612,12.469877,4645000,Rækkehus,5,1959,mellem,"1,16",576,1.094,127,36574,C,https://www.dingeo.dk/adresse/2650-hvidovre/tranevej-20a/
Hvidovrevej 87,55.659567,12.474243,3695000,Villa,3,1957,lav,462,340,181,85,43470,E,https://www.dingeo.dk/adresse/2650-hvidovre/hvidovrevej-87/
Dalumvej 12,55.653796,12.472828,5595000,Villa,5,1938,lav,84,149,102,140,39964,B,https://www.dingeo.dk/adresse/2650-hvidovre/dalumvej-12/
Storegade 27,55.641383,12.4452,4495000,Villa,6,1965,høj,"2,16",521,987,170,26441,D,https://www.dingeo.dk/adresse/2650-hvidovre/storegade-27/
Grønbækvej 4,55.631414,12.466266,3895000,Villa,4,1962,høj,"1,17",466,948,102,38186,E,https://www.dingeo.dk/adresse/2650-hvidovre/gr%C3%B8nb%C3%A6kvej-4/
Hvidovrevej 299,55.634974,12.48065,3995000,Helårsgrund,5,,mellem,469,144,215,777,5141,N/A,https://www.dingeo.dk/adresse/2650-hvidovre/hvidovrevej-299/
Stenstykkevej 9,55.639125,12.495935,7495000,Villa,5,1922,høj,"1,08",106,288,136,55110,E,https://www.dingeo.dk/adresse/2650-hvidovre/stenstykkevej-9/
"Rebæk Søpark 3, 4. 422",55.66349,12.457255,1625000,Ejerlejlighed,2,,lav,"1,27",142,94,61,26639,C,https://www.dingeo.dk/adresse/2650-hvidovre/reb%C3%A6k%20s%C3%B8park-3/4-422/
Lindelundsvej 3,55.639292,12.464079,3650000,Villa,4,1968,mellem,946,469,627,113,32300,C,https://www.dingeo.dk/adresse/2650-hvidovre/lindelundsvej-3/
Greve Alle 43,55.644159,12.486299,8495000,Villa,8,1966,høj,733,222,538,208,40841,C,https://www.dingeo.dk/adresse/2650-hvidovre/greve%20alle-43/
Frydenstrands Alle 11,55.623019,12.4723,3395000,Villa,5,1962,mellem,888,452,794,126,26944,E,https://www.dingeo.dk/adresse/2650-hvidovre/frydenstrands%20alle-11/
Hvidovregårds Alle 21,55.637609,12.492561,7995000,Villa,4,1938,høj,884,319,137,155,51580,C,https://www.dingeo.dk/adresse/2650-hvidovre/hvidovreg%C3%A5rds%20alle-21/
"Næsborgvej 38, 1. tv",55.654972,12.47961,2145000,Ejerlejlighed,3,,lav,383,88,381,73,29383,C,https://www.dingeo.dk/adresse/2650-hvidovre/n%C3%A6sborgvej-38/1-tv/
Brostykkevej 199,55.635164,12.468583,4695000,Villa,5,1925,høj,790,334,693,139,33776,D,https://www.dingeo.dk/adresse/2650-hvidovre/brostykkevej-199/
Kærmark 46,55.652974,12.463656,4195000,Villa,4,1966,lav,669,580,679,122,34385,E,https://www.dingeo.dk/adresse/2650-hvidovre/k%C3%A6rmark-46/
"Gammel Køge Landevej 233D, 1. ",55.639743,12.498721,1995000,Ejerlejlighed,2,1958,høj,"1,26",219,419,67,29776,D,https://www.dingeo.dk/adresse/2650-hvidovre/gammel%20k%C3%B8ge%20landevej-233d/1-/
Enghøjen 13,55.622746,12.450826,4995000,Villa,5,1971,mellem,"1,80",397,503,126,39642,D,https://www.dingeo.dk/adresse/2650-hvidovre/engh%C3%B8jen-13/
